<script>
    /*
        [문제]
        계좌 개설일 기준으로 내림차순 정렬하시오.
        [출력예시]
        19700327,1111-1111,1234,8700,김고객,12
        19850623,3333-3333,3456,0,박고객,0
        19991224,5555-5555,5678,9000,류고객,9
        20010512,2222-2222,2345,0,이고객,0
        20200101,4444-4444,4567,2800,정고객,5
    */
    let customerList = 
    [
        ['19700327', '1111-1111', 1234, 8700, '김고객', 12],
        ['20010512', '2222-2222', 2345,    0, '이고객',  0],
        ['19850623', '3333-3333', 3456,    0, '박고객',  0],
        ['20200101', '4444-4444', 4567, 2800, '정고객',  5],
        ['19991224', '5555-5555', 5678, 9000, '류고객',  9]
    ];

    customerList.sort((a , b) =>{ 
        if(a[0] < b[0]){
            return -1;
        }else if(a[0] > b[0]){
            return 1;
        }else{
            return 0;
        }
    });

    for(let i = 0; i < customerList.length; i++){
            document.write(customerList[i] + "<br/>");
    }
</script>